0.0149507866880254
0.0140886395268319
0.0162935960768285
0.0142621040845242
0.014138769791658
0.0150462477281862
0.0129554294126297
0.0156095001296572
0.0143404532799377
0.0147435609000029
0.0135090496036169
0.0147869116134733
0.0144687828261729
0.0163492190967647
0.0135815331716343
0.0151239948854075
0.0141207141977303
0.0147388727670607
0.0154397992924564
0.0142303067094654
0.015726552660202
0.0159234332306269
0.0149960291788213
0.0151151769233048
0.0153690803925299
0.0151955303557484
0.0155109061400921
0.0144884896204841
0.0151633414102299
0.0147941550856867
0.0152190857083599
0.0145335738186617
0.0146049952269806
0.0156114270917157
0.0137416329559609
0.0156143433100185
0.0136724630148088
0.0157707342516233
0.0140149121243028
0.0155808787327757
0.01410300380382
0.0135425741419804
0.0146541123257629
0.0143417439960534
0.0160532584286975
0.0138898657327105
0.0143676221518281
0.0164568000669762
0.0149185355095996
0.014723418158335
0.0146843843274721
0.0155834578720946
0.0156462173229115
0.0159379600450353
0.0161709341426061
0.015535754848586
0.0157591685420766
0.014337301043899
0.0154810938065649
0.0157210397965566
0.0148166762141709
0.0146096621540566
0.0158203073778859
0.0155638874764828
0.0147908900306919
0.0148710570320947
0.0147240815629565
0.0145188420806605
0.0140592861171392
0.0144540408626439
0.0145734763598534
0.0150755399856175
0.0139458961906283
0.0150910128914269
0.0145714348028941
0.0151842572645787
0.013311437399393
0.0139715994528024
0.0144328409992933
0.0151079343197364
0.0139151988828217
0.015655141882403
0.0137584488953117
0.0160057933122503
0.0156560219069848
0.0145200687843786
0.0151804619593282
0.0149105925326304
0.0149180358320027
0.0146130572234514
0.0142151576116975
0.0163427608042024
0.0153152601260281
0.0137672327457939
0.0154352509344253
0.0160793984492503
0.0138145810110569
0.0142699274975395
0.0139596169919415
0.0147260142176829
0.0152259560459077
0.0144680532756452
0.0146791321273621
0.0151896997983598
0.0161678041197908
0.0139926422709107
0.01529779516633
0.0144249168668278
0.0153589700046574
0.0138436297900259
0.0166754619431443
0.0155298827967101
0.0141135314112963
0.0148321810039837
0.0148949715139991
0.0155104717013743
0.0128076756760875
0.0144001726873007
0.0156923633575889
0.0144971142048137
0.0145606515224221
0.014429054134732
0.0150279468478035
0.0144472022010847
0.014217711145325
0.014492930088611
0.0142601329241733
0.014962005906413
0.014943664969207
0.0151377593934903
0.0146265689232108
0.0156322403642054
0.0146627276595843
0.0149523344894538
0.0149581069173445
0.0140286969529271
0.0157359131890135
0.0142200588138468
0.0143479492335887
0.0141833676648667
0.0149065671816345
0.0144883015679872
0.0147749391966879
0.0147078396356824
0.0149731315483483
0.0151594444937005
0.0145787311569801
0.0158910336855426
0.0150254094135685
0.0130755734590799
0.0162037459431296
0.0156408562231539
0.0141494973327153
0.0144140118753114
0.0149693364376655
0.0144412280848431
0.0143794574418828
0.0144572440979971
0.0159330389476694
0.0163232129318896
0.0153406797411664
0.0148417662484189
0.0144226856738942
0.0134450432391031
0.0134796192605375
0.0148575596769662
0.0151054965079494
0.0146442987433296
0.0147709682279945
0.0148851535318804
0.0163125553383236
0.0145944608037389
0.0138993812394891
0.0146899719909957
0.0161052362140386
0.0154210878434391
0.0148182036264901
0.0141570460418956
0.0153752323216822
0.0139223285728515
0.0149673412051493
0.0143629246530409
0.0145712319002741
0.0125955922547528
0.0158791008593095
0.01414760092949
0.013872991340471
0.0138501760881611
0.0150317194278106
0.0148323623197178
0.0142516975784765
0.0151902134677547
0.0152506643012042
0.0146059512419194
0.0135882472219743
0.0150225412644405
0.0142390500275808
0.0135963480671114
0.0134786116198872
0.0151593371513183
0.0153649956354325
0.0149354844094396
0.0149846498532043
0.0148177718981461
0.0152901296839345
0.0157603970564945
0.01585355389248
0.0145263610036061
0.0155454107198277
0.0148190147189257
0.0141472350553117
0.0142905631957162
0.0157909850075551
0.0155603392787313
0.0157399437943969
0.014952682005017
0.0142231543498546
0.0148637327529205
0.0151525959994314
0.014084506398515
0.0149204937345109
0.0144730505139831
0.0149153008734929
0.0146083858775668
0.0157478068666709
0.0149213251350435
0.0145622379624795
0.014361171449484
0.013489296397824
0.0137612517797719
0.015028326492546
0.0150565971434044
0.0137836516600094
0.0137197068775746
0.0132826299246387
0.01514511344922
0.0139459849616095
0.0158577377875408
0.0150394233608249
0.0140809058925253
0.0146851665626945
0.0129783035207223
0.0144508257153631
0.0164279408306825
0.0135371374750648
0.0140597909928697
0.0150979671242537
0.0149589956128873
0.0140474454491954
0.0143273502686859
0.0156586138604564
0.015281091636838
0.0132898475822226
0.0145230905947656
0.0147830993478716
0.0146489320916927
0.0139851291041082
0.0143127989496631
0.0160371006734567
0.0147822439547372
0.0151533728715093
0.0153693421123654
0.0148270551977715
0.0140751208954274
0.0154368249518933
0.0146435101545717
0.0151551973678867
0.0156233507508355
0.0150298478125886
0.0132409647560654
0.0161546907405539
0.0153319405616565
0.014589579003079
0.0154300237900262
0.0153384377540954
0.0154845067571294
0.0153510057281974
0.0134277653025516
0.0151784511992842
0.0154197377233332
0.0149807039900009
0.0161713019012712
0.0135786398332374
0.0147468064503246
0.0149907553861306
0.0150864857236887
0.0151055202313404
0.0142252034526894
0.0144692494633467
0.0129149765220551
0.0147339186202671
0.0151802208959182
0.0144868648578613
0.0153554006910408
0.0153206567052695
0.0148997583284682
0.0149704018731279
0.0134322889466481
0.0151117750147011
0.0143264374519937
